c PicoSAT SAT Solver Version 960
c Copyright (c) 2006 - 2014 Armin Biere JKU Linz
c gcc -Wall -Wextra -DNDEBUG -O3
c
c using 2 as default phase
c
c parsing infile.cnf
c parsed header 'p cnf 505 6270'
c initialized 505 variables
c found 6270 non trivial clauses
c
c random number generator seed 0
c 
c  seconds     variables   original    learned     agility
c         level        used      conflicts    limit          MB
c 
c s   0.0   0.0   462  13.7  1804     0     1     0   0.0   0.3 
c 
c initial reduction limit 1000 clauses
c 
c +   0.0  64.8   462  70.1  1804   100   101  1100   5.6   0.3 
c R   0.0  64.8   462  70.1  1804   100   101  1100   5.6   0.3 
c +   0.0  52.3   462  73.9  1804   221   222  1210   7.8   0.3 
c +   0.0  43.8   462  75.4  1804   367   368  1331   7.9   0.3 
c R   0.0  42.0   462  75.4  1804   402   403  1331   7.7   0.4 
c +   0.0  39.8   462  76.6  1804   543   544  1464   7.9   0.4 
c +   0.0  34.8   462  78.0  1804   755   756  1610   8.2   0.4 
c +   0.0  34.5   462  79.4  1804  1011  1012  1771   8.6   0.5 
c R   0.0  34.3   462  80.2  1804  1206  1207  1771   8.6   0.5 
c +   0.0  34.5   462  81.6  1804  1320  1321  1948   7.7   0.6 
c +   0.0  32.4   462  83.0  1804  1693  1694  2142   7.7   0.6 
c +   0.0  30.5   462  84.0  1804  2144  2145  2356   8.4   0.7 
c +   0.0  28.9   462  86.1  1804  2689  1507  2591   7.3   0.6 
c R   0.1  27.7   462  86.9  1804  3216  2034  2591   8.3   0.7 
c +   0.1  27.8   462  86.9  1804  3348  2166  2850   8.4   0.7 
c +   0.1  27.6   462  87.3  1804  4145  1534  3135   8.0   0.6 
c +   0.1  27.0   462  87.7  1804  5109  2498  3448   8.2   0.8 
c +   0.1  26.0   462  87.9  1804  6275  1935  3792   8.0   0.6 
c +   0.1  26.9   462  88.5  1804  7685  3345  4171   7.4   0.9 
c R   0.1  27.0   462  88.5  1804  8037  3697  4171   7.7   1.0 
c 
c  seconds     variables   original    learned     agility
c         level        used      conflicts    limit          MB
c 
c 1   0.1  26.5   462  90.3  1804  8762  2331  4171   8.1   0.7 
c 
c  seconds     variables   original    learned     agility
c         level        used      conflicts    limit          MB
c 
s SATISFIABLE
v 1 2 3 -4 -5 -6 -7 -8 -9 -10 -11 -12 -13 -14 -15 -16 -17 -18 -19 -20 -21 -22
v -23 -24 -25 -26 -27 -28 -29 -30 -31 -32 -33 -34 -35 -36 -37 -38 -39 -40 -41
v -42 -43 -44 -45 -46 -47 -48 -49 -50 -51 -52 -53 -54 -55 -56 -57 -58 -59 -60
v -61 -62 -63 -64 -65 -66 -67 -68 -69 70 -71 72 -73 -74 -75 -76 -77 -78 -79 -80
v 81 -82 -83 -84 -85 -86 -87 -88 -89 -90 -91 -92 -93 -94 -95 -96 -97 -98 -99
v -100 -101 -102 103 -104 -105 -106 -107 -108 -109 -110 -111 -112 -113 -114
v -115 -116 -117 -118 -119 -120 -121 -122 -123 -124 -125 -126 -127 -128 129
v -130 -131 -132 -133 -134 -135 -136 -137 -138 -139 -140 -141 -142 -143 -144
v -145 -146 -147 -148 -149 -150 -151 -152 -153 -154 -155 -156 -157 -158 -159
v -160 -161 -162 -163 -164 -165 -166 -167 -168 -169 170 -171 172 -173 -174 -175
v -176 -177 -178 -179 -180 -181 -182 -183 -184 -185 -186 -187 -188 -189 -190
v -191 -192 -193 -194 195 -196 -197 -198 -199 -200 -201 -202 -203 -204 -205
v -206 -207 -208 -209 -210 -211 -212 -213 214 215 -216 -217 -218 -219 -220 -221
v -222 -223 224 -225 -226 -227 -228 -229 -230 -231 -232 -233 -234 -235 -236
v -237 -238 -239 -240 -241 -242 -243 -244 245 -246 -247 -248 -249 -250 -251
v -252 -253 -254 -255 -256 -257 -258 -259 -260 -261 -262 -263 -264 -265 -266
v -267 -268 -269 -270 -271 -272 -273 -274 -275 -276 -277 -278 -279 -280 -281
v -282 -283 -284 -285 -286 -287 -288 -289 -290 -291 -292 -293 -294 -295 -296
v -297 -298 -299 300 -301 -302 -303 -304 -305 -306 -307 -308 -309 -310 311 -312
v -313 -314 -315 -316 -317 -318 -319 -320 -321 -322 -323 -324 -325 -326 -327
v -328 -329 -330 -331 -332 -333 -334 -335 -336 -337 -338 -339 -340 341 -342
v -343 -344 -345 -346 -347 -348 -349 -350 -351 -352 -353 -354 -355 356 -357
v -358 -359 -360 -361 -362 -363 -364 -365 -366 -367 -368 -369 -370 -371 -372
v -373 -374 -375 -376 -377 -378 -379 -380 -381 -382 -383 -384 -385 -386 -387
v -388 389 -390 -391 -392 -393 -394 -395 -396 -397 -398 -399 -400 -401 -402
v -403 -404 -405 -406 -407 -408 409 -410 -411 -412 -413 -414 -415 -416 -417
v -418 -419 -420 421 -422 423 -424 -425 426 -427 428 -429 -430 -431 -432 -433
v -434 435 -436 -437 438 -439 -440 -441 -442 443 -444 -445 446 -447 -448 -449
v -450 451 -452 -453 454 -455 -456 -457 -458 -459 -460 461 -462 -463 -464 465
v -466 -467 -468 -469 470 -471 -472 -473 474 -475 -476 -477 -478 -479 -480 -481
v 482 483 -484 -485 -486 -487 -488 -489 -490 -491 -492 493 -494 495 -496 -497
v -498 -499 500 -501 -502 503 -504 -505 0
c
c 0 iterations
c 36 restarts
c 0 failed literals
c 8762 conflicts
c 13572 decisions
c 43 fixed variables
c 211992 learned literals
c 28.1% deleted literals
c 1136096 propagations
c 3368827 visits
c 90.3% variables used
c 0.1 seconds in library
c 8.2 megaprops/second
c 24.5 megavisits/second
c probing 0.0 seconds 0%
c 1 simplifications
c 4 reductions
c 1.5 MB recycled
c 1.2 MB maximally allocated
c 0.1 seconds total run time
