1 2 3 4 5 6 7 8 9 10 0
-1 -2 0
-1 -3 0
-1 -4 0
-1 -5 0
-1 -6 0
-1 -7 0
-1 -8 0
-1 -9 0
-1 -10 0
-2 -3 0
-2 -4 0
-2 -5 0
-2 -6 0
-2 -7 0
-2 -8 0
-2 -9 0
-2 -10 0
-3 -4 0
-3 -5 0
-3 -6 0
-3 -7 0
-3 -8 0
-3 -9 0
-3 -10 0
-4 -5 0
-4 -6 0
-4 -7 0
-4 -8 0
-4 -9 0
-4 -10 0
-5 -6 0
-5 -7 0
-5 -8 0
-5 -9 0
-5 -10 0
-6 -7 0
-6 -8 0
-6 -9 0
-6 -10 0
-7 -8 0
-7 -9 0
-7 -10 0
-8 -9 0
-8 -10 0
-9 -10 0
11 12 13 14 15 16 17 18 19 20 21 22 23 24 25 26 27 0
-11 -12 0
-11 -13 0
-11 -14 0
-11 -15 0
-11 -16 0
-11 -17 0
-11 -18 0
-11 -19 0
-11 -20 0
-11 -21 0
-11 -22 0
-11 -23 0
-11 -24 0
-11 -25 0
-11 -26 0
-11 -27 0
-12 -13 0
-12 -14 0
-12 -15 0
-12 -16 0
-12 -17 0
-12 -18 0
-12 -19 0
-12 -20 0
-12 -21 0
-12 -22 0
-12 -23 0
-12 -24 0
-12 -25 0
-12 -26 0
-12 -27 0
-13 -14 0
-13 -15 0
-13 -16 0
-13 -17 0
-13 -18 0
-13 -19 0
-13 -20 0
-13 -21 0
-13 -22 0
-13 -23 0
-13 -24 0
-13 -25 0
-13 -26 0
-13 -27 0
-14 -15 0
-14 -16 0
-14 -17 0
-14 -18 0
-14 -19 0
-14 -20 0
-14 -21 0
-14 -22 0
-14 -23 0
-14 -24 0
-14 -25 0
-14 -26 0
-14 -27 0
-15 -16 0
-15 -17 0
-15 -18 0
-15 -19 0
-15 -20 0
-15 -21 0
-15 -22 0
-15 -23 0
-15 -24 0
-15 -25 0
-15 -26 0
-15 -27 0
-16 -17 0
-16 -18 0
-16 -19 0
-16 -20 0
-16 -21 0
-16 -22 0
-16 -23 0
-16 -24 0
-16 -25 0
-16 -26 0
-16 -27 0
-17 -18 0
-17 -19 0
-17 -20 0
-17 -21 0
-17 -22 0
-17 -23 0
-17 -24 0
-17 -25 0
-17 -26 0
-17 -27 0
-18 -19 0
-18 -20 0
-18 -21 0
-18 -22 0
-18 -23 0
-18 -24 0
-18 -25 0
-18 -26 0
-18 -27 0
-19 -20 0
-19 -21 0
-19 -22 0
-19 -23 0
-19 -24 0
-19 -25 0
-19 -26 0
-19 -27 0
-20 -21 0
-20 -22 0
-20 -23 0
-20 -24 0
-20 -25 0
-20 -26 0
-20 -27 0
-21 -22 0
-21 -23 0
-21 -24 0
-21 -25 0
-21 -26 0
-21 -27 0
-22 -23 0
-22 -24 0
-22 -25 0
-22 -26 0
-22 -27 0
-23 -24 0
-23 -25 0
-23 -26 0
-23 -27 0
-24 -25 0
-24 -26 0
-24 -27 0
-25 -26 0
-25 -27 0
-26 -27 0
28 29 30 31 32 33 34 35 36 37 38 39 40 41 42 43 44 45 46 47 48 49 50 51 52 53 54 55 56 0
-28 -29 0
-28 -30 0
-28 -31 0
-28 -32 0
-28 -33 0
-28 -34 0
-28 -35 0
-28 -36 0
-28 -37 0
-28 -38 0
-28 -39 0
-28 -40 0
-28 -41 0
-28 -42 0
-28 -43 0
-28 -44 0
-28 -45 0
-28 -46 0
-28 -47 0
-28 -48 0
-28 -49 0
-28 -50 0
-28 -51 0
-28 -52 0
-28 -53 0
-28 -54 0
-28 -55 0
-28 -56 0
-29 -30 0
-29 -31 0
-29 -32 0
-29 -33 0
-29 -34 0
-29 -35 0
-29 -36 0
-29 -37 0
-29 -38 0
-29 -39 0
-29 -40 0
-29 -41 0
-29 -42 0
-29 -43 0
-29 -44 0
-29 -45 0
-29 -46 0
-29 -47 0
-29 -48 0
-29 -49 0
-29 -50 0
-29 -51 0
-29 -52 0
-29 -53 0
-29 -54 0
-29 -55 0
-29 -56 0
-30 -31 0
-30 -32 0
-30 -33 0
-30 -34 0
-30 -35 0
-30 -36 0
-30 -37 0
-30 -38 0
-30 -39 0
-30 -40 0
-30 -41 0
-30 -42 0
-30 -43 0
-30 -44 0
-30 -45 0
-30 -46 0
-30 -47 0
-30 -48 0
-30 -49 0
-30 -50 0
-30 -51 0
-30 -52 0
-30 -53 0
-30 -54 0
-30 -55 0
-30 -56 0
-31 -32 0
-31 -33 0
-31 -34 0
-31 -35 0
-31 -36 0
-31 -37 0
-31 -38 0
-31 -39 0
-31 -40 0
-31 -41 0
-31 -42 0
-31 -43 0
-31 -44 0
-31 -45 0
-31 -46 0
-31 -47 0
-31 -48 0
-31 -49 0
-31 -50 0
-31 -51 0
-31 -52 0
-31 -53 0
-31 -54 0
-31 -55 0
-31 -56 0
-32 -33 0
-32 -34 0
-32 -35 0
-32 -36 0
-32 -37 0
-32 -38 0
-32 -39 0
-32 -40 0
-32 -41 0
-32 -42 0
-32 -43 0
-32 -44 0
-32 -45 0
-32 -46 0
-32 -47 0
-32 -48 0
-32 -49 0
-32 -50 0
-32 -51 0
-32 -52 0
-32 -53 0
-32 -54 0
-32 -55 0
-32 -56 0
-33 -34 0
-33 -35 0
-33 -36 0
-33 -37 0
-33 -38 0
-33 -39 0
-33 -40 0
-33 -41 0
-33 -42 0
-33 -43 0
-33 -44 0
-33 -45 0
-33 -46 0
-33 -47 0
-33 -48 0
-33 -49 0
-33 -50 0
-33 -51 0
-33 -52 0
-33 -53 0
-33 -54 0
-33 -55 0
-33 -56 0
-34 -35 0
-34 -36 0
-34 -37 0
-34 -38 0
-34 -39 0
-34 -40 0
-34 -41 0
-34 -42 0
-34 -43 0
-34 -44 0
-34 -45 0
-34 -46 0
-34 -47 0
-34 -48 0
-34 -49 0
-34 -50 0
-34 -51 0
-34 -52 0
-34 -53 0
-34 -54 0
-34 -55 0
-34 -56 0
-35 -36 0
-35 -37 0
-35 -38 0
-35 -39 0
-35 -40 0
-35 -41 0
-35 -42 0
-35 -43 0
-35 -44 0
-35 -45 0
-35 -46 0
-35 -47 0
-35 -48 0
-35 -49 0
-35 -50 0
-35 -51 0
-35 -52 0
-35 -53 0
-35 -54 0
-35 -55 0
-35 -56 0
-36 -37 0
-36 -38 0
-36 -39 0
-36 -40 0
-36 -41 0
-36 -42 0
-36 -43 0
-36 -44 0
-36 -45 0
-36 -46 0
-36 -47 0
-36 -48 0
-36 -49 0
-36 -50 0
-36 -51 0
-36 -52 0
-36 -53 0
-36 -54 0
-36 -55 0
-36 -56 0
-37 -38 0
-37 -39 0
-37 -40 0
-37 -41 0
-37 -42 0
-37 -43 0
-37 -44 0
-37 -45 0
-37 -46 0
-37 -47 0
-37 -48 0
-37 -49 0
-37 -50 0
-37 -51 0
-37 -52 0
-37 -53 0
-37 -54 0
-37 -55 0
-37 -56 0
-38 -39 0
-38 -40 0
-38 -41 0
-38 -42 0
-38 -43 0
-38 -44 0
-38 -45 0
-38 -46 0
-38 -47 0
-38 -48 0
-38 -49 0
-38 -50 0
-38 -51 0
-38 -52 0
-38 -53 0
-38 -54 0
-38 -55 0
-38 -56 0
-39 -40 0
-39 -41 0
-39 -42 0
-39 -43 0
-39 -44 0
-39 -45 0
-39 -46 0
-39 -47 0
-39 -48 0
-39 -49 0
-39 -50 0
-39 -51 0
-39 -52 0
-39 -53 0
-39 -54 0
-39 -55 0
-39 -56 0
-40 -41 0
-40 -42 0
-40 -43 0
-40 -44 0
-40 -45 0
-40 -46 0
-40 -47 0
-40 -48 0
-40 -49 0
-40 -50 0
-40 -51 0
-40 -52 0
-40 -53 0
-40 -54 0
-40 -55 0
-40 -56 0
-41 -42 0
-41 -43 0
-41 -44 0
-41 -45 0
-41 -46 0
-41 -47 0
-41 -48 0
-41 -49 0
-41 -50 0
-41 -51 0
-41 -52 0
-41 -53 0
-41 -54 0
-41 -55 0
-41 -56 0
-42 -43 0
-42 -44 0
-42 -45 0
-42 -46 0
-42 -47 0
-42 -48 0
-42 -49 0
-42 -50 0
-42 -51 0
-42 -52 0
-42 -53 0
-42 -54 0
-42 -55 0
-42 -56 0
-43 -44 0
-43 -45 0
-43 -46 0
-43 -47 0
-43 -48 0
-43 -49 0
-43 -50 0
-43 -51 0
-43 -52 0
-43 -53 0
-43 -54 0
-43 -55 0
-43 -56 0
-44 -45 0
-44 -46 0
-44 -47 0
-44 -48 0
-44 -49 0
-44 -50 0
-44 -51 0
-44 -52 0
-44 -53 0
-44 -54 0
-44 -55 0
-44 -56 0
-45 -46 0
-45 -47 0
-45 -48 0
-45 -49 0
-45 -50 0
-45 -51 0
-45 -52 0
-45 -53 0
-45 -54 0
-45 -55 0
-45 -56 0
-46 -47 0
-46 -48 0
-46 -49 0
-46 -50 0
-46 -51 0
-46 -52 0
-46 -53 0
-46 -54 0
-46 -55 0
-46 -56 0
-47 -48 0
-47 -49 0
-47 -50 0
-47 -51 0
-47 -52 0
-47 -53 0
-47 -54 0
-47 -55 0
-47 -56 0
-48 -49 0
-48 -50 0
-48 -51 0
-48 -52 0
-48 -53 0
-48 -54 0
-48 -55 0
-48 -56 0
-49 -50 0
-49 -51 0
-49 -52 0
-49 -53 0
-49 -54 0
-49 -55 0
-49 -56 0
-50 -51 0
-50 -52 0
-50 -53 0
-50 -54 0
-50 -55 0
-50 -56 0
-51 -52 0
-51 -53 0
-51 -54 0
-51 -55 0
-51 -56 0
-52 -53 0
-52 -54 0
-52 -55 0
-52 -56 0
-53 -54 0
-53 -55 0
-53 -56 0
-54 -55 0
-54 -56 0
-55 -56 0
57 58 59 60 61 62 63 64 65 66 67 68 69 70 71 72 73 74 75 76 77 78 79 80 81 82 83 84 85 0
-57 -58 0
-57 -59 0
-57 -60 0
-57 -61 0
-57 -62 0
-57 -63 0
-57 -64 0
-57 -65 0
-57 -66 0
-57 -67 0
-57 -68 0
-57 -69 0
-57 -70 0
-57 -71 0
-57 -72 0
-57 -73 0
-57 -74 0
-57 -75 0
-57 -76 0
-57 -77 0
-57 -78 0
-57 -79 0
-57 -80 0
-57 -81 0
-57 -82 0
-57 -83 0
-57 -84 0
-57 -85 0
-58 -59 0
-58 -60 0
-58 -61 0
-58 -62 0
-58 -63 0
-58 -64 0
-58 -65 0
-58 -66 0
-58 -67 0
-58 -68 0
-58 -69 0
-58 -70 0
-58 -71 0
-58 -72 0
-58 -73 0
-58 -74 0
-58 -75 0
-58 -76 0
-58 -77 0
-58 -78 0
-58 -79 0
-58 -80 0
-58 -81 0
-58 -82 0
-58 -83 0
-58 -84 0
-58 -85 0
-59 -60 0
-59 -61 0
-59 -62 0
-59 -63 0
-59 -64 0
-59 -65 0
-59 -66 0
-59 -67 0
-59 -68 0
-59 -69 0
-59 -70 0
-59 -71 0
-59 -72 0
-59 -73 0
-59 -74 0
-59 -75 0
-59 -76 0
-59 -77 0
-59 -78 0
-59 -79 0
-59 -80 0
-59 -81 0
-59 -82 0
-59 -83 0
-59 -84 0
-59 -85 0
-60 -61 0
-60 -62 0
-60 -63 0
-60 -64 0
-60 -65 0
-60 -66 0
-60 -67 0
-60 -68 0
-60 -69 0
-60 -70 0
-60 -71 0
-60 -72 0
-60 -73 0
-60 -74 0
-60 -75 0
-60 -76 0
-60 -77 0
-60 -78 0
-60 -79 0
-60 -80 0
-60 -81 0
-60 -82 0
-60 -83 0
-60 -84 0
-60 -85 0
-61 -62 0
-61 -63 0
-61 -64 0
-61 -65 0
-61 -66 0
-61 -67 0
-61 -68 0
-61 -69 0
-61 -70 0
-61 -71 0
-61 -72 0
-61 -73 0
-61 -74 0
-61 -75 0
-61 -76 0
-61 -77 0
-61 -78 0
-61 -79 0
-61 -80 0
-61 -81 0
-61 -82 0
-61 -83 0
-61 -84 0
-61 -85 0
-62 -63 0
-62 -64 0
-62 -65 0
-62 -66 0
-62 -67 0
-62 -68 0
-62 -69 0
-62 -70 0
-62 -71 0
-62 -72 0
-62 -73 0
-62 -74 0
-62 -75 0
-62 -76 0
-62 -77 0
-62 -78 0
-62 -79 0
-62 -80 0
-62 -81 0
-62 -82 0
-62 -83 0
-62 -84 0
-62 -85 0
-63 -64 0
-63 -65 0
-63 -66 0
-63 -67 0
-63 -68 0
-63 -69 0
-63 -70 0
-63 -71 0
-63 -72 0
-63 -73 0
-63 -74 0
-63 -75 0
-63 -76 0
-63 -77 0
-63 -78 0
-63 -79 0
-63 -80 0
-63 -81 0
-63 -82 0
-63 -83 0
-63 -84 0
-63 -85 0
-64 -65 0
-64 -66 0
-64 -67 0
-64 -68 0
-64 -69 0
-64 -70 0
-64 -71 0
-64 -72 0
-64 -73 0
-64 -74 0
-64 -75 0
-64 -76 0
-64 -77 0
-64 -78 0
-64 -79 0
-64 -80 0
-64 -81 0
-64 -82 0
-64 -83 0
-64 -84 0
-64 -85 0
-65 -66 0
-65 -67 0
-65 -68 0
-65 -69 0
-65 -70 0
-65 -71 0
-65 -72 0
-65 -73 0
-65 -74 0
-65 -75 0
-65 -76 0
-65 -77 0
-65 -78 0
-65 -79 0
-65 -80 0
-65 -81 0
-65 -82 0
-65 -83 0
-65 -84 0
-65 -85 0
-66 -67 0
-66 -68 0
-66 -69 0
-66 -70 0
-66 -71 0
-66 -72 0
-66 -73 0
-66 -74 0
-66 -75 0
-66 -76 0
-66 -77 0
-66 -78 0
-66 -79 0
-66 -80 0
-66 -81 0
-66 -82 0
-66 -83 0
-66 -84 0
-66 -85 0
-67 -68 0
-67 -69 0
-67 -70 0
-67 -71 0
-67 -72 0
-67 -73 0
-67 -74 0
-67 -75 0
-67 -76 0
-67 -77 0
-67 -78 0
-67 -79 0
-67 -80 0
-67 -81 0
-67 -82 0
-67 -83 0
-67 -84 0
-67 -85 0
-68 -69 0
-68 -70 0
-68 -71 0
-68 -72 0
-68 -73 0
-68 -74 0
-68 -75 0
-68 -76 0
-68 -77 0
-68 -78 0
-68 -79 0
-68 -80 0
-68 -81 0
-68 -82 0
-68 -83 0
-68 -84 0
-68 -85 0
-69 -70 0
-69 -71 0
-69 -72 0
-69 -73 0
-69 -74 0
-69 -75 0
-69 -76 0
-69 -77 0
-69 -78 0
-69 -79 0
-69 -80 0
-69 -81 0
-69 -82 0
-69 -83 0
-69 -84 0
-69 -85 0
-70 -71 0
-70 -72 0
-70 -73 0
-70 -74 0
-70 -75 0
-70 -76 0
-70 -77 0
-70 -78 0
-70 -79 0
-70 -80 0
-70 -81 0
-70 -82 0
-70 -83 0
-70 -84 0
-70 -85 0
-71 -72 0
-71 -73 0
-71 -74 0
-71 -75 0
-71 -76 0
-71 -77 0
-71 -78 0
-71 -79 0
-71 -80 0
-71 -81 0
-71 -82 0
-71 -83 0
-71 -84 0
-71 -85 0
-72 -73 0
-72 -74 0
-72 -75 0
-72 -76 0
-72 -77 0
-72 -78 0
-72 -79 0
-72 -80 0
-72 -81 0
-72 -82 0
-72 -83 0
-72 -84 0
-72 -85 0
-73 -74 0
-73 -75 0
-73 -76 0
-73 -77 0
-73 -78 0
-73 -79 0
-73 -80 0
-73 -81 0
-73 -82 0
-73 -83 0
-73 -84 0
-73 -85 0
-74 -75 0
-74 -76 0
-74 -77 0
-74 -78 0
-74 -79 0
-74 -80 0
-74 -81 0
-74 -82 0
-74 -83 0
-74 -84 0
-74 -85 0
-75 -76 0
-75 -77 0
-75 -78 0
-75 -79 0
-75 -80 0
-75 -81 0
-75 -82 0
-75 -83 0
-75 -84 0
-75 -85 0
-76 -77 0
-76 -78 0
-76 -79 0
-76 -80 0
-76 -81 0
-76 -82 0
-76 -83 0
-76 -84 0
-76 -85 0
-77 -78 0
-77 -79 0
-77 -80 0
-77 -81 0
-77 -82 0
-77 -83 0
-77 -84 0
-77 -85 0
-78 -79 0
-78 -80 0
-78 -81 0
-78 -82 0
-78 -83 0
-78 -84 0
-78 -85 0
-79 -80 0
-79 -81 0
-79 -82 0
-79 -83 0
-79 -84 0
-79 -85 0
-80 -81 0
-80 -82 0
-80 -83 0
-80 -84 0
-80 -85 0
-81 -82 0
-81 -83 0
-81 -84 0
-81 -85 0
-82 -83 0
-82 -84 0
-82 -85 0
-83 -84 0
-83 -85 0
-84 -85 0
86 87 88 89 90 91 92 93 0
-86 -87 0
-86 -88 0
-86 -89 0
-86 -90 0
-86 -91 0
-86 -92 0
-86 -93 0
-87 -88 0
-87 -89 0
-87 -90 0
-87 -91 0
-87 -92 0
-87 -93 0
-88 -89 0
-88 -90 0
-88 -91 0
-88 -92 0
-88 -93 0
-89 -90 0
-89 -91 0
-89 -92 0
-89 -93 0
-90 -91 0
-90 -92 0
-90 -93 0
-91 -92 0
-91 -93 0
-92 -93 0
94 95 0
-94 -95 0
96 97 0
-96 -97 0
98 99 100 0
-98 -99 0
-98 -100 0
-99 -100 0
101 0
102 103 0
-102 -103 0
-1 104 105 106 107 108 109 110 111 112 113 114 115 116 117 118 119 0
-2 105 106 107 108 109 110 111 112 113 114 115 116 117 118 119 120 0
-3 106 107 108 109 110 111 112 113 114 115 116 117 118 119 120 121 0
-4 107 108 109 110 111 112 113 114 115 116 117 118 119 120 121 122 0
-5 108 109 110 111 112 113 114 115 116 117 118 119 120 121 122 123 0
-6 109 110 111 112 113 114 115 116 117 118 119 120 121 122 123 124 0
-7 110 111 112 113 114 115 116 117 118 119 120 121 122 123 124 125 0
-8 111 112 113 114 115 116 117 118 119 120 121 122 123 124 125 126 0
-9 112 113 114 115 116 117 118 119 120 121 122 123 124 125 126 127 0
-10 113 114 115 116 117 118 119 120 121 122 123 124 125 126 127 128 0
-11 129 130 131 132 133 134 135 136 137 138 139 140 141 142 143 144 145 146 147 148 0
-12 130 131 132 133 134 135 136 137 138 139 140 141 142 143 144 145 146 147 148 149 0
-13 131 132 133 134 135 136 137 138 139 140 141 142 143 144 145 146 147 148 149 150 0
-14 132 133 134 135 136 137 138 139 140 141 142 143 144 145 146 147 148 149 150 151 0
-15 133 134 135 136 137 138 139 140 141 142 143 144 145 146 147 148 149 150 151 152 0
-16 134 135 136 137 138 139 140 141 142 143 144 145 146 147 148 149 150 151 152 153 0
-17 135 136 137 138 139 140 141 142 143 144 145 146 147 148 149 150 151 152 153 154 0
-18 136 137 138 139 140 141 142 143 144 145 146 147 148 149 150 151 152 153 154 155 0
-19 137 138 139 140 141 142 143 144 145 146 147 148 149 150 151 152 153 154 155 156 0
-20 138 139 140 141 142 143 144 145 146 147 148 149 150 151 152 153 154 155 156 157 0
-21 139 140 141 142 143 144 145 146 147 148 149 150 151 152 153 154 155 156 157 158 0
-22 140 141 142 143 144 145 146 147 148 149 150 151 152 153 154 155 156 157 158 159 0
-23 141 142 143 144 145 146 147 148 149 150 151 152 153 154 155 156 157 158 159 160 0
-24 142 143 144 145 146 147 148 149 150 151 152 153 154 155 156 157 158 159 160 161 0
-25 143 144 145 146 147 148 149 150 151 152 153 154 155 156 157 158 159 160 161 162 0
-26 144 145 146 147 148 149 150 151 152 153 154 155 156 157 158 159 160 161 162 163 0
-27 145 146 147 148 149 150 151 152 153 154 155 156 157 158 159 160 161 162 163 164 0
-28 165 166 167 168 169 170 171 172 173 0
-29 166 167 168 169 170 171 172 173 174 0
-30 167 168 169 170 171 172 173 174 175 0
-31 168 169 170 171 172 173 174 175 176 0
-32 169 170 171 172 173 174 175 176 177 0
-33 170 171 172 173 174 175 176 177 178 0
-34 171 172 173 174 175 176 177 178 179 0
-35 172 173 174 175 176 177 178 179 180 0
-36 173 174 175 176 177 178 179 180 181 0
-37 174 175 176 177 178 179 180 181 182 0
-38 175 176 177 178 179 180 181 182 183 0
-39 176 177 178 179 180 181 182 183 184 0
-40 177 178 179 180 181 182 183 184 185 0
-41 178 179 180 181 182 183 184 185 186 0
-42 179 180 181 182 183 184 185 186 187 0
-43 180 181 182 183 184 185 186 187 188 0
-44 181 182 183 184 185 186 187 188 189 0
-45 182 183 184 185 186 187 188 189 190 0
-46 183 184 185 186 187 188 189 190 191 0
-47 184 185 186 187 188 189 190 191 192 0
-48 185 186 187 188 189 190 191 192 193 0
-49 186 187 188 189 190 191 192 193 194 0
-50 187 188 189 190 191 192 193 194 195 0
-51 188 189 190 191 192 193 194 195 196 0
-52 189 190 191 192 193 194 195 196 197 0
-53 190 191 192 193 194 195 196 197 198 0
-54 191 192 193 194 195 196 197 198 199 0
-55 192 193 194 195 196 197 198 199 200 0
-56 193 194 195 196 197 198 199 200 201 0
-57 202 203 204 205 206 207 208 209 210 211 212 213 0
-58 203 204 205 206 207 208 209 210 211 212 213 214 0
-59 204 205 206 207 208 209 210 211 212 213 214 215 0
-60 205 206 207 208 209 210 211 212 213 214 215 216 0
-61 206 207 208 209 210 211 212 213 214 215 216 217 0
-62 207 208 209 210 211 212 213 214 215 216 217 218 0
-63 208 209 210 211 212 213 214 215 216 217 218 219 0
-64 209 210 211 212 213 214 215 216 217 218 219 220 0
-65 210 211 212 213 214 215 216 217 218 219 220 221 0
-66 211 212 213 214 215 216 217 218 219 220 221 222 0
-67 212 213 214 215 216 217 218 219 220 221 222 223 0
-68 213 214 215 216 217 218 219 220 221 222 223 224 0
-69 214 215 216 217 218 219 220 221 222 223 224 225 0
-70 215 216 217 218 219 220 221 222 223 224 225 226 0
-71 216 217 218 219 220 221 222 223 224 225 226 227 0
-72 217 218 219 220 221 222 223 224 225 226 227 228 0
-73 218 219 220 221 222 223 224 225 226 227 228 229 0
-74 219 220 221 222 223 224 225 226 227 228 229 230 0
-75 220 221 222 223 224 225 226 227 228 229 230 231 0
-76 221 222 223 224 225 226 227 228 229 230 231 232 0
-77 222 223 224 225 226 227 228 229 230 231 232 233 0
-78 223 224 225 226 227 228 229 230 231 232 233 234 0
-79 224 225 226 227 228 229 230 231 232 233 234 235 0
-80 225 226 227 228 229 230 231 232 233 234 235 236 0
-81 226 227 228 229 230 231 232 233 234 235 236 237 0
-82 227 228 229 230 231 232 233 234 235 236 237 238 0
-83 228 229 230 231 232 233 234 235 236 237 238 239 0
-84 229 230 231 232 233 234 235 236 237 238 239 240 0
-85 230 231 232 233 234 235 236 237 238 239 240 241 0
-86 242 243 244 245 246 247 248 249 250 251 252 253 254 255 256 257 258 259 260 261 0
-87 243 244 245 246 247 248 249 250 251 252 253 254 255 256 257 258 259 260 261 262 0
-88 244 245 246 247 248 249 250 251 252 253 254 255 256 257 258 259 260 261 262 263 0
-89 245 246 247 248 249 250 251 252 253 254 255 256 257 258 259 260 261 262 263 264 0
-90 246 247 248 249 250 251 252 253 254 255 256 257 258 259 260 261 262 263 264 265 0
-91 247 248 249 250 251 252 253 254 255 256 257 258 259 260 261 262 263 264 265 266 0
-92 248 249 250 251 252 253 254 255 256 257 258 259 260 261 262 263 264 265 266 267 0
-93 249 250 251 252 253 254 255 256 257 258 259 260 261 262 263 264 265 266 267 268 0
