c PicoSAT SAT Solver Version 965
c Copyright (c) 2006 - 2014 Armin Biere JKU Linz
c gcc -march=x86-64 -mtune=generic -O2 -pipe -fstack-protector-strong -fno-plt
c
c using 2 as default phase
c
c parsing infile.cnf
c parsed header 'p cnf 5422 753372'
c initialized 5422 variables
c found 753372 non trivial clauses
c
c random number generator seed 0
c 
c  seconds     variables   original    learned     agility
c         level        used      conflicts    limit          MB
c 
c s   0.4   0.0  5422   0.0 666e3     0     0     0   0.0  46.2 
c 
c initial reduction limit 1000 clauses
c 
c +   0.4 772.9  5422   5.7 666e3   100   100  1100  10.5  46.3 
c R   0.4 772.9  5422   5.7 666e3   100   100  1100  10.5  46.3 
c +   0.5 634.5  5422  28.2 666e3   221   221  1210   7.7  46.4 
c +   0.5 616.7  5422  29.7 666e3   367   367  1331   9.9  46.5 
c R   0.5 612.1  5422  29.9 666e3   403   403  1331  10.2  46.5 
c +   0.5 558.8  5422  33.0 666e3   543   543  1464   9.5  46.6 
c +   0.5 542.6  5422  44.1 666e3   755   755  1610  10.4  46.7 
c +   0.5 525.9  5422  45.9 666e3  1011  1011  1771   8.6  46.9 
c R   0.6 502.8  5422  46.8 666e3  1204  1204  1771   9.8  47.0 
c +   0.6 481.7  5422  47.3 666e3  1320  1320  1948   9.2  47.1 
c +   0.6 473.7  5422  53.6 666e3  1693  1693  2142  10.5  47.3 
c +   0.7 437.4  5422  54.4 666e3  2144  2144  2356   7.3  47.6 
c +   0.8 433.5  5422  58.3 666e3  2689  1484  2591  10.7  47.2 
c R   0.8 441.8  5422  60.7 666e3  3211  2006  2591  13.5  47.6 
c +   0.8 436.0  5422  60.7 666e3  3348  2143  2850  13.0  47.8 
c +   0.9 414.4  5422  61.7 666e3  4145  1475  3135  10.1  47.0 
c +   1.0 394.6  5422  63.0 666e3  5109  2439  3448   8.9  47.7 
c +   1.1 379.5  5422  64.5 666e3  6275  1864  3792   8.7  47.2 
c +   1.3 376.4  5422  64.8 666e3  7685  3274  4171  11.7  48.3 
c R   1.3 377.4  5422  64.8 666e3  8019  3608  4171  11.4  48.6 
c 
c  seconds     variables   original    learned     agility
c         level        used      conflicts    limit          MB
c 
c +   1.5 373.0  5422  69.4 666e3  9391  2882  4588  11.4  47.9 
c +   1.7 356.7  5422  70.2 666e3 11455  2626  5046   8.8  47.6 
c +   2.0 336.1  5422  70.3 666e3 13952  2565  5550  10.4  47.5 
c +   2.2 333.1  5422  70.3 666e3 16973  5586  6105  11.6  50.3 
c R   2.4 331.4  5422  70.6 666e3 19253  4770  6105  10.3  49.3 
c +   2.6 322.1  5422  70.7 666e3 20628  3083  6715  10.4  47.7 
c +   3.0 304.8  5422  70.7 666e3 25050  4134  7386   9.9  48.4 
c +   3.5 297.3  5422  70.7 666e3 30400  5767  8124   9.0  49.5 
c +   4.1 287.6  5422  70.7 666e3 36873  8141  8936  11.7  51.3 
c +   4.7 296.1  5422  70.7 666e3 44705  6981  9829  10.0  50.7 
c R   4.7 296.0  5422  70.7 666e3 44938  7214  9829  10.5  51.0 
c +   5.6 285.6  5422  70.7 666e3 54181  6589 10811  10.2  49.8 
c +   6.8 277.7  5422  70.7 666e3 65646  7208 11892   9.8  50.2 
c +   8.3 268.2  5422  73.1 666e3 79518  9128 13081  13.4  51.3 
c +   9.7 273.4  5422  77.8 666e3 96303 12802 14389  12.5  54.0 
c R  10.3 272.0  5422  77.8 666e3 102e3 11961 14389  11.8  53.0 
c +  11.9 268.9  5422  77.9 666e3 116e3 11486 15827  12.4  52.4 
c +  14.2 263.5  5422  77.9 666e3 141e3 12226 17409   9.8  52.7 
c +  17.2 260.3  5422  78.2 666e3 170e3 15770 19149  10.6  55.3 
c +  20.5 260.6  5422  78.5 666e3 206e3 13315 21063  14.5  52.2 
c R  22.8 255.1  5422  78.6 666e3 231e3 16309 21063  10.9  55.0 
c +  24.9 256.0  5422  78.6 666e3 250e3 14586 23169  10.8  54.1 
c 
c  seconds     variables   original    learned     agility
c         level        used      conflicts    limit          MB
c 
c +  30.6 253.4  5422  78.8 666e3 303e3 20775 25485  12.1  58.1 
c +  37.8 250.8  5422  79.2 666e3 366e3 20612 28033  12.7  57.1 
c +  45.7 250.7  5422  79.8 666e3 443e3 27463 30836  13.1  63.1 
c R  53.1 252.2  5422  79.8 666e3 513e3 19604 30836  10.2  56.0 
c +  56.0 249.8  5422  79.9 666e3 537e3 28031 33919   9.7  61.4 
c +  69.9 248.3  5422  79.9 666e3 650e3 21916 37310   7.6  56.6 
c +  87.9 246.4  5422  81.3 666e3 786e3 27672 41041   9.0  59.8 
c + 108.6 244.9  5422  82.3 666e3 952e3 28540 45145  12.3  61.1 
c R 130.5 239.8  5422  82.3 666e3 112e4 24665 45145  13.9  55.1 
c + 133.7 239.2  5422  82.5 666e3 115e4 24734 49659   9.9  55.6 
c + 165.3 238.1  5422  82.5 666e3 139e4 43067 54624  12.5  69.5 
c + 204.8 237.9  5422  82.5 666e3 168e4 35000 60086   9.4  60.2 
c + 251.8 233.8  5422  82.5 666e3 204e4 58369 66094  14.5  80.3 
c R 312.2 231.7  5422  82.5 666e3 246e4 50330 66094  12.1  75.2 
c + 313.1 231.5  5422  82.5 666e3 246e4 56677 72703   4.3  79.4 
c + 388.0 232.4  5422  82.6 666e3 298e4 65978 79973  13.1  83.1 
c + 494.0 226.9  5422  82.6 666e3 361e4 52933 87970  11.0  70.1 
c + 649.8 225.8  5422  82.6 666e3 437e4 63361 96767  10.2  75.4 
c + 844.0 223.5  5422  82.6 666e3 529e4 61963 106e3   9.8  72.8 
c R 854.1 223.4  5422  82.6 666e3 533e4 104e3 106e3  11.3 113.2 
c + 108e1 224.6  5422  82.6 666e3 640e4 54909 117e3  12.3  62.5 
c + 141e1 224.0  5422  82.6 666e3 775e4 111e3 128e3  12.4 127.6 
c 
c  seconds     variables   original    learned     agility
c         level        used      conflicts    limit          MB
c 
c + 181e1 222.6  5422  82.6 666e3 938e4 127e3 141e3  10.6 120.1 
c + 244e1 220.0  5422  82.6 666e3 113e5 111e3 155e3  10.2 124.7 
c R 250e1 219.4  5422  82.6 666e3 114e5 98079 155e3  11.6  99.4 
c + 302e1 217.6  5422  82.6 666e3 137e5 154e3 171e3  13.7 128.3 
